Webots Project File version R2025a
perspectives: 000000ff00000000fd00000002000000010000012e00000247fc0200000001fb0000001400540065007800740045006400690074006f00720000000000000002470000008a00ffffff00000003000005be0000018bfc0100000002fb0000000e0043006f006e0073006f006c006501000000000000073f0000000000000000fb0000001a0043006f006e0073006f006c00650041006c006c0041006c006c030000000000000339000005bc00000083000005be0000038000000001000000020000000100000008fc00000000
simulationViewPerspectives: 000000ff00000001000000020000016c000004a00100000002010000000101
sceneTreePerspectives: 000000ff00000001000000030000001e000000c00000011c0100000002010000000201
minimizedPerspectives: 000000ff00000000fd00000002000000010000012e00000247fc0200000001fb0000001400540065007800740045006400690074006f00720000000000000002470000008a00ffffff00000003000005be00000204fc0100000002fb0000000e0043006f006e0073006f006c006501000000000000073f0000000000000000fb0000001a0043006f006e0073006f006c00650041006c006c0041006c006c0100000000000005be0000008700ffffff000005be0000017a00000001000000020000000100000008fc00000000
maximizedDockId: -1
centralWidgetVisible: 1
orthographicViewHeight: 1
textFiles: 0 "../../../../../../Applications/Webots.app/Contents/projects/samples/devices/controllers/vacuum_gripper/vacuum_gripper.c"
consoles: Console:All:All
renderingDevicePerspectives: camera_robot:industrial_camera;1;0.479483;0.597826;0.0167464
